{
    "train_r2": 0.9837460358541621,
    "test_r2": 0.8496397035553627,
    "train_rmse": 1.3060515851249652,
    "test_rmse": 3.2025527268695497,
    "train_mae": 0.9197377218364996,
    "test_mae": 2.1341828503106766
}
